>> v = zeros(10,1)
v =

   0
   0
   0
   0
   0
   0
   0
   0
   0
   0

>> for i=1:10, v(i) = 2^i;
end
>>
>> v
v =

      2
      4
      8
     16
     32
     64
    128
    256
    512
   1024